0.0
0.281158318390191
0.6265427439528767
0.9454935060591374
0.8507079463599713
0.31052956380995356
0.4604378351091491
0.35364055197332783
0.2875038086704244
0.214449084866315
1.0360205451630773
0.8958898425587826
0.9154189259568539
0.7766910325219418
0.886610906768014
0.4010825974783747
0.6482079240367246
0.9038362296345506
0.9401692081747839
1.004872479471898
1.2411413134691793
1.1239853068434658
0.6777441212795579
0.989720734664077
0.5721183368508652
0.3796005927287259
0.26912682883726025
0.604942154259397
0.8865582333027199
0.6903857547412824
1.1770166355177865
1.098695963403889
0.6667713302221759
0.9497348314134846
0.2897965493238317
0.9151018577185821
0.8444123459542737
0.3884525839790489
0.8346462783718621
1.1034955414511038
0.6463197737962224
0.7486437670881926
0.639617121800222
0.8721632014709174
1.0900333985708877
0.8590545093298795
0.8332986499449042
0.373374985771677
0.4158194920876125
0.9664156093524152
0.281158318390191
0.0
0.5449750544749732
0.7790553061240261
0.6905316864561684
0.41289539837590833
0.4934115928917763
0.49383361570472306
0.32858855731750614
0.33243106052232846
0.8366142300965242
0.690296030699873
0.757929950589103
0.770839127185433
0.7289578177096395
0.3042131653955824
0.5576589574139377
0.7756252510072116
0.7828585696024538
0.9168420256510932
1.1648964589181305
1.075349696610363
0.536260285616043
0.8103253251774869
0.4450161697747622
0.25218368305661654
0.395417816998678
0.49263679318540554
0.7649303896674782
0.5841065744790842
0.9977695927846317
0.9869098337740891
0.6131231579432064
0.8583639379657092
0.4682862799613075
0.8021617106294715
0.6847424406300517
0.4200945250773926
0.7257633291920996
1.0426046278443544
0.631340835048708
0.7295364898344701
0.5269175101474612
0.7299485255824549
1.033844674020232
0.6091455080684746
0.6732938734312083
0.1446598769528026
0.22488274722619345
0.7334078878768622
0.6265427439528767
0.5449750544749732
0.0
0.5424238195359786
0.6083162335496234
0.5811633505306404
0.3642795766989964
0.563170391622287
0.44069841161501827
0.516374321592389
0.7822148042577562
0.5168866800373172
0.44770887862538533
0.4422739987835596
0.7211193590523
0.7058304612298905
0.3927893363929322
0.6085698809504132
0.8483890675863287
0.7281080483005252
0.865474950532943
0.8349198763953342
0.5828113965332181
0.6572811899210261
0.5865704743344998
0.39821456527856947
0.5006473409496949
0.5733259456888377
0.623059717071197
0.48602267472792876
0.8091759328388419
0.8114677134673935
0.6660579680525187
0.5849034792168706
0.5509142310741302
0.4883594987301876
0.490131655782403
0.5057671796390114
0.29997073190563117
0.6623257808680445
0.2331818174729754
0.3292082015989274
0.667264110004427
0.7203601182741866
0.7844674881727095
0.6607512996581998
0.3363404376520908
0.611959908817563
0.647258433703262
0.7649772022746822
0.9454935060591374
0.7790553061240261
0.5424238195359786
0.0
0.3909748841038258
0.8465047902994997
0.6735703155573292
0.9216039116670458
0.7375196065190402
0.8657195619829784
0.3034525333557128
0.2422984935982888
0.25784561272203177
0.6415878817434133
0.5839466499604223
0.9010896958682859
0.47601548586574366
0.49774107726809125
0.6754117040738931
0.5184942526200266
0.9108306154274789
0.5995961307413517
0.5240555733211889
0.33183381778233517
0.660485307452785
0.578330320837495
0.8223149761496503
0.6346341938471327
0.5579906549726796
0.5538802400787466
0.6316894888199502
0.40186596024047616
0.7059732125273946
0.5026455610069585
0.9117458911341471
0.4267296568086169
0.36351253073312334
0.7018224561810487
0.3671293505019722
0.4895007252318068
0.5996241489466546
0.5706323860420122
0.7080127911980122
0.6183468767609326
0.576425849524464
0.49666427292488036
0.33599965773792095
0.7768759296052362
0.783962881774386
0.5303670804263779
0.8507079463599713
0.6905316864561684
0.6083162335496234
0.3909748841038258
0.0
0.818236518373508
0.5858807131148797
0.7725942078478197
0.6954101020261354
0.8021315353481621
0.47097702704059785
0.3298181317029129
0.39195025194532024
0.5584695604954669
0.5875929628577933
0.7304161005892463
0.4077462235067297
0.4974947034893939
0.5967615017743688
0.438569139361173
0.9405643252856234
0.588560413211762
0.4058961491921302
0.32991562955398157
0.659295443152006
0.5245312192806068
0.7155868640493619
0.5934003707447443
0.5375634018763181
0.6188912346686531
0.4717788150029737
0.4644457018855918
0.5889877900315507
0.5419186654840374
0.7931349254698093
0.4587230537045201
0.5717097165520278
0.7131093885232475
0.4507449389621585
0.6506550545430849
0.6145214072756131
0.6010992929624857
0.6905558286626795
0.6293531758877522
0.5452934989526282
0.38363633821628523
0.49468152381102737
0.7112478119474253
0.7707539425783043
0.4526092796220599
0.31052956380995356
0.41289539837590833
0.5811633505306404
0.8465047902994997
0.818236518373508
0.0
0.48156495927340887
0.41485564959392807
0.39318775413280616
0.22392856003645445
0.9587796201421889
0.8697005231687515
0.8667306386646315
0.7494045969968426
0.9639312682966561
0.5069338023844927
0.6782391781547273
0.9506354611521706
1.032472319241538
0.9929485837645372
1.2027386457580882
1.0540779667557805
0.7363414180453249
0.9229232485011958
0.6777222745055678
0.41467336543356637
0.3897193349065453
0.7066250773925308
0.9416283826631608
0.7496757701497963
1.153899584143096
1.0181177780591004
0.7645503363456523
0.9544950707049251
0.35636836279333217
0.920715504376895
0.8361070505623069
0.4183037174111653
0.7819462897156045
0.9881735677513667
0.6065452662415229
0.7067812674371046
0.7576954219869617
0.9512821978782112
1.0308772962870023
0.8815269933473393
0.812612582969277
0.504898851256368
0.4647457799700822
1.0189010550588316
0.4604378351091491
0.4934115928917763
0.3642795766989964
0.6735703155573292
0.5858807131148797
0.48156495927340887
0.0
0.3148158826997139
0.2654766279731608
0.3978298757006567
0.8576992304998298
0.6519822160151303
0.5884573136600478
0.3242270192318957
0.7120839135944583
0.5956467493405802
0.31543765276834024
0.6065566173078981
0.7907489740745794
0.6472150338179731
0.9554129787688672
0.7370286086713324
0.5050973113460415
0.7490402743671398
0.5446830191597678
0.318817831998149
0.22081270343890996
0.5027615836557126
0.6193888124892474
0.49810228904281295
0.8865812767510997
0.7748598712025291
0.5026957397932172
0.5941363900654462
0.29229341422618477
0.5324332915962336
0.6211879023290778
0.34954486121240574
0.45859198641057825
0.698379989692191
0.25447249360196084
0.31778749188726735
0.6022327311762455
0.7076912109105213
0.6849824888272692
0.7465955062816813
0.5498636558275151
0.57715533437715
0.6435169383940099
0.8171781507113366
0.35364055197332783
0.49383361570472306
0.563170391622287
0.9216039116670458
0.7725942078478197
0.41485564959392807
0.3148158826997139
0.0
0.38852799126961246
0.281192834190347
1.0772514887434597
0.8853740508960041
0.839136466851489
0.5441547206447814
0.96524841362211
0.48375482426535044
0.6007890418308243
0.8932647144044145
1.0178630850954367
0.9191319274184747
1.1164414718201756
0.9967224137140691
0.7270007523579326
0.968169062005185
0.7393378059865463
0.46640884425576673
0.2491154150188222
0.7193238561315759
0.8939468334508714
0.7664014942245938
1.0348870277888356
1.0295692400222531
0.7152250322844204
0.8953165082807308
0.12149897118905989
0.8252391713921488
0.8961950736307359
0.5121507688171523
0.7245435873706979
0.9572687240281409
0.4860848588466833
0.5817046071675898
0.8011425981059802
0.9612119485316443
0.9308281312895523
0.9046013762978697
0.8138531808624944
0.6204343962096235
0.6689158766242584
1.0181586369520224
0.2875038086704244
0.32858855731750614
0.44069841161501827
0.7375196065190402
0.6954101020261354
0.39318775413280616
0.2654766279731608
0.38852799126961246
0.0
0.30907735277758547
0.8607695219976136
0.6988108542373968
0.6926293453211465
0.5764518713648175
0.668288036702738
0.5171016631185786
0.4057098381651596
0.6542999694329811
0.752146036351984
0.7749296097065849
1.0774915127275946
0.8954836514420573
0.49129776503562483
0.8218982495564765
0.38947758775185004
0.21593658791413747
0.17432237377915663
0.4059115790415445
0.6533266725282537
0.4363510631930327
1.0316470134137985
0.8775723445961593
0.48162812086323403
0.693174617250228
0.3159367025212487
0.65805310575971
0.5971859090768971
0.16802324243984817
0.6060155196032525
0.8628990728946607
0.436518373038295
0.5136956783933461
0.46143890440663976
0.655069011631599
0.861125083829289
0.7416480634370997
0.6012711534740379
0.38344444186870147
0.4477421691107506
0.8052172439782944
0.214449084866315
0.33243106052232846
0.516374321592389
0.8657195619829784
0.8021315353481621
0.22392856003645445
0.3978298757006567
0.281192834190347
0.30907735277758547
0.0
0.9934779111787035
0.8398910643648972
0.8215631442561186
0.6779367595875002
0.9321000429138494
0.3932559980470736
0.6299456982820028
0.9094295904576671
1.004400164277167
0.9894422115515387
1.1557756053836747
1.076973704414365
0.7182636590619075
0.9521781989858832
0.649500178106981
0.36515202313557027
0.2931824687801097
0.6769187543568282
0.9116785678279599
0.7141197100974668
1.0850111751892744
1.0427381310760628
0.7462700696170589
0.9343729662185224
0.2518424308967812
0.8627170103805766
0.8133381830456505
0.4106044325138247
0.7387909041129297
0.9871620940871185
0.5246045748942721
0.639753827655607
0.7325635484379495
0.9279154164038876
1.016107277800922
0.8486890125363944
0.7671801678875699
0.4572594996279465
0.447302403302285
0.9764647254253479
1.0360205451630773
0.8366142300965242
0.7822148042577562
0.3034525333557128
0.47097702704059785
0.9587796201421889
0.8576992304998298
1.0772514887434597
0.8607695219976136
0.9934779111787035
0.0
0.3638738242852872
0.49030027534155024
0.8798358994721687
0.5780216345432064
0.9393450058418366
0.6410781097370274
0.6032734869029137
0.6150867662370895
0.6314152437184266
1.0924787457886767
0.7325912366388231
0.5647475931148357
0.41361296235006956
0.6938918081091605
0.6770987815673574
0.9585774460104932
0.6884766953209093
0.6594511134548489
0.6636575324289554
0.7309203857367845
0.445599697037599
0.7685711267060779
0.6775262651735355
1.0639409617079325
0.6331206835983169
0.4835156253938439
0.8039850496122425
0.643786268881218
0.723062763529187
0.845744358538678
0.824086961430649
0.7234019024719246
0.6279871813978372
0.7227156840694686
0.47114222905615244
0.5589532806952653
0.7947173145213334
0.7884758715395165
0.453316004570763
0.8958898425587826
0.690296030699873
0.5168866800373172
0.2422984935982888
0.3298181317029129
0.8697005231687515
0.6519822160151303
0.8853740508960041
0.6988108542373968
0.8398910643648972
0.3638738242852872
0.0
0.22707047364199515
0.6444542264583265
0.47626472680642645
0.8082814361347167
0.41831254198744744
0.4132933340860943
0.5611353580019708
0.5343065505868331
0.9040377481056862
0.7041529379332305
0.43432670183745326
0.33234368148649973
0.5788449545094092
0.5249257090293825
0.7853649852138813
0.549594395895737
0.47429844089648865
0.494454002258744
0.5263936267524617
0.523795771269681
0.6440521848470432
0.49230502739663345
0.8875012169005742
0.3754278093055973
0.3315991556080925
0.7042634450260783
0.366241723455971
0.6340993613011014
0.600296726627757
0.5911960419353296
0.6238175634750915
0.5262043519394342
0.6550259536842796
0.308283700509774
0.262562773446656
0.6806723514290852
0.7222102463964355
0.3368102730024724
0.9154189259568539
0.757929950589103
0.44770887862538533
0.25784561272203177
0.39195025194532024
0.8667306386646315
0.5884573136600478
0.839136466851489
0.6926293453211465
0.8215631442561186
0.49030027534155024
0.22707047364199515
0.0
0.5014790623744924
0.5928747675521366
0.851488743319605
0.4100770449366802
0.45294854012348906
0.6954975844674085
0.5257926302260236
0.8255823702090543
0.6304302974952901
0.5421814123787352
0.4628167268195911
0.6720963333935099
0.5587575502845576
0.7654007839034397
0.6373625341985517
0.541525817516432
0.5355507075428899
0.5057294239863941
0.4903313267577343
0.708504352002336
0.47409581310110727
0.8496724133452845
0.2805342046881272
0.3703336333632148
0.7009921540217123
0.2312185113696566
0.4493473044344039
0.46878391610634423
0.4324356137045145
0.7237543454100983
0.6380216454008437
0.5288232218804314
0.5122216707637427
0.2404579173161076
0.7795183448771427
0.8063035656624619
0.5327177113631572
0.7766910325219418
0.770839127185433
0.4422739987835596
0.6415878817434133
0.5584695604954669
0.7494045969968426
0.3242270192318957
0.5441547206447814
0.5764518713648175
0.6779367595875002
0.8798358994721687
0.6444542264583265
0.5014790623744924
0.0
0.7977875281050714
0.8253349198961596
0.39188650497816335
0.6043744948291582
0.8760949377778644
0.556111805305372
0.8449982248502065
0.5882564151796391
0.6340685561743304
0.7284810036123112
0.7643881418239035
0.5724344940689722
0.5379024168006684
0.6944157616298755
0.6479782874733073
0.6360317683494199
0.739643157397951
0.6830962304097425
0.657877318963232
0.5338847160202285
0.5668734955878604
0.4218240035844334
0.6784034566539295
0.6279150022096941
0.353904294972525
0.501436187368308
0.25296444414185965
0.19542622648969107
0.8077407396559865
0.8079210171792786
0.49329124257379636
0.8167678311490971
0.5461239419765445
0.8499009354036504
0.9098314624148804
0.8651806805517563
0.886610906768014
0.7289578177096395
0.7211193590523
0.5839466499604223
0.5875929628577933
0.9639312682966561
0.7120839135944583
0.96524841362211
0.668288036702738
0.9321000429138494
0.5780216345432064
0.47626472680642645
0.5928747675521366
0.7977875281050714
0.0
0.9180540125722452
0.4295998984916082
0.24975045545504018
0.17784555097049798
0.5083040428719804
1.0861367961725632
0.7462172940906691
0.2958120584577309
0.5777541108672444
0.3548280870520258
0.5784654613717226
0.7695191030767202
0.30525414002106505
0.2593904412981327
0.30806500994058056
0.8985542500514981
0.6501192505994574
0.3880828607478691
0.43031896309598067
0.9274192687236986
0.4827623949729307
0.36891799901875216
0.6371732025124722
0.6306514806135002
0.8540253450586024
0.7682898216168167
0.7444132252989599
0.31397140395265294
0.09031085206108949
0.7741341550403263
0.5243576355885362
0.5000694951704213
0.6579973708154159
0.7627309682974724
0.38031435681551656
0.4010825974783747
0.3042131653955824
0.7058304612298905
0.9010896958682859
0.7304161005892463
0.5069338023844927
0.5956467493405802
0.48375482426535044
0.5171016631185786
0.3932559980470736
0.9393450058418366
0.8082814361347167
0.851488743319605
0.8253349198961596
0.9180540125722452
0.0
0.7117539622538114
0.9438640474136092
0.9384701007490862
1.0306084465013858
1.2387929326566245
1.1634712888593342
0.7060652688873742
0.9373347334991914
0.6944735857907052
0.4406702622142774
0.5126995221374796
0.7219172251719722
0.9567385489447155
0.8168541365199113
0.9673768295166109
1.0604268433041482
0.7959024166355132
1.031963332681932
0.5197233206235795
0.9293402175737366
0.8835888636690709
0.6161573500332524
0.8511088532026911
1.1215708983396748
0.7343554997410995
0.8294404619983282
0.764270130582113
0.9392914031332342
1.0758543953528283
0.7049665240279145
0.8440909488911725
0.40143897419159486
0.40529648407061225
0.8416410874000865
0.6482079240367246
0.5576589574139377
0.3927893363929322
0.47601548586574366
0.4077462235067297
0.6782391781547273
0.31543765276834024
0.6007890418308243
0.4057098381651596
0.6299456982820028
0.6410781097370274
0.41831254198744744
0.4100770449366802
0.39188650497816335
0.4295998984916082
0.7117539622538114
0.0
0.30032569451180835
0.5185400975662344
0.4032208734477916
0.8981984818424044
0.5819299067619742
0.26187303416923247
0.5146959968913689
0.4010132293092087
0.33804790013251074
0.45231832019497065
0.3183975232064471
0.32119352954883756
0.2892096220406403
0.7480339678891662
0.5795021939423526
0.3310674277398034
0.3259761076888919
0.5776915031260196
0.29345402158430206
0.39253252449192033
0.4268250025291396
0.32447431760310397
0.6144270349719199
0.3753423274612124
0.36453288299411346
0.43535863846258976
0.43312894475433067
0.5671147880138553
0.5430188051844982
0.3478555343587335
0.5770250538616152
0.6720826011614942
0.5571157714371404
0.9038362296345506
0.7756252510072116
0.6085698809504132
0.49774107726809125
0.4974947034893939
0.9506354611521706
0.6065566173078981
0.8932647144044145
0.6542999694329811
0.9094295904576671
0.6032734869029137
0.4132933340860943
0.45294854012348906
0.6043744948291582
0.24975045545504018
0.9438640474136092
0.30032569451180835
0.0
0.35485609759450376
0.33097354879204466
0.9463055162049938
0.5715055030356225
0.31999447484136345
0.5060708474354159
0.46815933330544635
0.5783222112283082
0.7265678082601789
0.3799165434671146
0.13694426251888026
0.30850332307722395
0.7748754288823526
0.5434820420216292
0.3941922586838178
0.20708331656606235
0.8672977862303121
0.26064899769613536
0.34697633925096394
0.6410353968385833
0.4481506220011303
0.6665343051955127
0.6174320853340876
0.5656609408470766
0.4545851212919314
0.268079838854025
0.5928461689173675
0.5614525981772637
0.38368196465301835
0.7486293408623522
0.8508874308626257
0.4596550663269143
0.9401692081747839
0.7828585696024538
0.8483890675863287
0.6754117040738931
0.5967615017743688
1.032472319241538
0.7907489740745794
1.0178630850954367
0.752146036351984
1.004400164277167
0.6150867662370895
0.5611353580019708
0.6954975844674085
0.8760949377778644
0.17784555097049798
0.9384701007490862
0.5185400975662344
0.35485609759450376
0.0
0.5277821899230781
1.1663360321965535
0.7741843772642276
0.32560401399399236
0.6148741437269907
0.44508018531608434
0.653679653959032
0.8312594600965453
0.3854183311675769
0.35262280277491986
0.45806703696041046
0.9186389607923289
0.6758661997762575
0.4051078212109092
0.5301823931440952
0.9865295028533106
0.5884763461686459
0.5278595362404662
0.7247728540722259
0.7463565434830729
0.9487149677339684
0.8806360712575882
0.8555300170070015
0.38530954114841226
0.2168273276134722
0.8104115559393265
0.5424585237601119
0.640596175449089
0.7068966119596273
0.8212640318435965
0.3763865698985552
1.004872479471898
0.9168420256510932
0.7281080483005252
0.5184942526200266
0.438569139361173
0.9929485837645372
0.6472150338179731
0.9191319274184747
0.7749296097065849
0.9894422115515387
0.6314152437184266
0.5343065505868331
0.5257926302260236
0.556111805305372
0.5083040428719804
1.0306084465013858
0.4032208734477916
0.33097354879204466
0.5277821899230781
0.0
0.9601294391903624
0.2839852989152783
0.44261741259128073
0.47981997939227167
0.6847337959827893
0.6953097798823198
0.7943371135733241
0.5803287775046142
0.3670792844016671
0.5549369787189262
0.7517720002005994
0.3713457149342106
0.4854813145799229
0.27529658552186953
0.9036733369973909
0.36229232671973605
0.5725538315302763
0.7458157212073234
0.5040304455089989
0.5602380654708004
0.6728514323385215
0.5904879761688633
0.6710092715454832
0.5208764248840603
0.3830105612120897
0.6898521073389572
0.5659103285857221
0.9155474537128045
1.0027832916438126
0.6268948954968449
1.2411413134691793
1.1648964589181305
0.865474950532943
0.9108306154274789
0.9405643252856234
1.2027386457580882
0.9554129787688672
1.1164414718201756
1.0774915127275946
1.1557756053836747
1.0924787457886767
0.9040377481056862
0.8255823702090543
0.8449982248502065
1.0861367961725632
1.2387929326566245
0.8981984818424044
0.9463055162049938
1.1663360321965535
0.9601294391903624
0.0
0.9742179478946177
1.0281309079728125
0.968150759243621
1.1231753742675272
1.0284309651114167
1.095125020260244
1.0794444172814088
0.9787384936932029
1.0020750337922255
0.9567708614321456
1.0174182325867764
1.0973307577053737
0.9015978538128848
1.13114400497903
0.8263934232555339
0.9540682627569163
1.1083348997482665
0.7818895382341421
0.88530948221651
0.8541679050397527
0.8321247562715581
1.1588949920074727
1.1004271761457003
0.954529858097692
1.0498243138735166
0.8433092908298829
1.206879944319235
1.2475086733165424
1.0833155634440041
1.1239853068434658
1.075349696610363
0.8349198763953342
0.5995961307413517
0.588560413211762
1.0540779667557805
0.7370286086713324
0.9967224137140691
0.8954836514420573
1.076973704414365
0.7325912366388231
0.7041529379332305
0.6304302974952901
0.5882564151796391
0.7462172940906691
1.1634712888593342
0.5819299067619742
0.5715055030356225
0.7741843772642276
0.2839852989152783
0.9742179478946177
0.0
0.6696416142452618
0.6378852255884283
0.8806513408614103
0.8359822725393165
0.9005517864065342
0.7914312098976133
0.6203448689211831
0.7410375172079279
0.8589908253326167
0.33519989558470925
0.6931384261503974
0.4657196581635781
0.9820818550406071
0.5177889531459704
0.7260574081985528
0.842689954846977
0.6027141611079003
0.4447192738329034
0.7325745832336801
0.6269673994714557
0.8776465418948564
0.7571862254425921
0.2612821463475834
0.902216714542576
0.7192618229824241
1.0904778814813256
1.1459267864920515
0.8591394066157133
0.6777441212795579
0.536260285616043
0.5828113965332181
0.5240555733211889
0.4058961491921302
0.7363414180453249
0.5050973113460415
0.7270007523579326
0.49129776503562483
0.7182636590619075
0.5647475931148357
0.43432670183745326
0.5421814123787352
0.6340685561743304
0.2958120584577309
0.7060652688873742
0.26187303416923247
0.31999447484136345
0.32560401399399236
0.44261741259128073
1.0281309079728125
0.6696416142452618
0.0
0.4688742550844523
0.300819496901381
0.3743804000331748
0.553240132247291
0.20780684283487874
0.2967396867745196
0.31760291772729354
0.8111448121402306
0.6072978626086214
0.23337001581233602
0.42814007512612035
0.694995894900826
0.4652067539589252
0.43408257731565314
0.48571667042525923
0.5302628441905014
0.7957635838203987
0.6190239445522282
0.6209618699477448
0.30162940793132215
0.2984307355635474
0.6981193908845391
0.43398217005886314
0.4739979893723179
0.5011005227786137
0.6187530395311202
0.42020524024457384
0.989720734664077
0.8103253251774869
0.6572811899210261
0.33183381778233517
0.32991562955398157
0.9229232485011958
0.7490402743671398
0.968169062005185
0.8218982495564765
0.9521781989858832
0.41361296235006956
0.33234368148649973
0.4628167268195911
0.7284810036123112
0.5777541108672444
0.9373347334991914
0.5146959968913689
0.5060708474354159
0.6148741437269907
0.47981997939227167
0.968150759243621
0.6378852255884283
0.4688742550844523
0.0
0.6891765068318856
0.6517831868221211
0.8724629978537772
0.6278505575564937
0.5015411220245455
0.6233842007385895
0.626347789739223
0.5202731327139621
0.6496488633948727
0.5070524259127452
0.9610684328516883
0.5240560682064468
0.5340452439859379
0.8115807554544403
0.4935618731466198
0.7086623461444419
0.7387500813021952
0.723376722478682
0.7130683573992047
0.5965056098847688
0.6934272295086198
0.40539161637113313
0.4735370446163637
0.7997300623485402
0.8575994185072655
0.4725774884862799
0.5721183368508652
0.4450161697747622
0.5865704743344998
0.660485307452785
0.659295443152006
0.6777222745055678
0.5446830191597678
0.7393378059865463
0.38947758775185004
0.649500178106981
0.6938918081091605
0.5788449545094092
0.6720963333935099
0.7643881418239035
0.3548280870520258
0.6944735857907052
0.4010132293092087
0.46815933330544635
0.44508018531608434
0.6847337959827893
1.1231753742675272
0.8806513408614103
0.300819496901381
0.6891765068318856
0.0
0.3441009755304393
0.5181143130246451
0.12971307320775338
0.44242769061332493
0.23551098429009634
1.023750563071303
0.8070658531749438
0.33569468092635896
0.5803966930996419
0.6776131576061669
0.6108945255614916
0.42434830194193074
0.3644029107471563
0.6490889625937265
0.927166910460638
0.6586443967430377
0.6900177109038579
0.10249548166138832
0.32871112144404235
0.8960359821798451
0.5777116247410987
0.5329647186831413
0.36635560779248344
0.4802819186280075
0.5647674223616301
0.3796005927287259
0.25218368305661654
0.39821456527856947
0.578330320837495
0.5245312192806068
0.41467336543356637
0.318817831998149
0.46640884425576673
0.21593658791413747
0.36515202313557027
0.6770987815673574
0.5249257090293825
0.5587575502845576
0.5724344940689722
0.5784654613717226
0.4406702622142774
0.33804790013251074
0.5783222112283082
0.653679653959032
0.6953097798823198
1.0284309651114167
0.8359822725393165
0.3743804000331748
0.6517831868221211
0.3441009755304393
0.0
0.31661831911625077
0.3594704438476132
0.5865253711791502
0.40563993929307546
0.8732778769015106
0.7581658195935767
0.4655654806858536
0.6413813530186233
0.4317712473057928
0.5843244304322728
0.49535340919388043
0.26638693661664414
0.519060690093172
0.8025901818502795
0.44638454274313755
0.5176869324215166
0.4289153208967942
0.582840818748996
0.7964132093329442
0.5443725195121444
0.4905458286439708
0.2941605853951205
0.35225422637634884
0.6335479145258076
0.26912682883726025
0.395417816998678
0.5006473409496949
0.8223149761496503
0.7155868640493619
0.3897193349065453
0.22081270343890996
0.2491154150188222
0.17432237377915663
0.2931824687801097
0.9585774460104932
0.7853649852138813
0.7654007839034397
0.5379024168006684
0.7695191030767202
0.5126995221374796
0.45231832019497065
0.7265678082601789
0.8312594600965453
0.7943371135733241
1.095125020260244
0.9005517864065342
0.553240132247291
0.8724629978537772
0.5181143130246451
0.31661831911625077
0.0
0.5024585157005501
0.7175961615259936
0.5571775662656296
1.0476579643593658
0.9261040816236585
0.5112985984786679
0.7433287294326784
0.16963752532974535
0.7130486378922549
0.7289470213945592
0.2945775958894362
0.6541436845219865
0.8999027503027562
0.45003333209885693
0.5288996502173168
0.5739565423444531
0.7546766857403242
0.8675484770316874
0.8138394190502203
0.6983025776839149
0.4813316216497728
0.55738227456567
0.8914199234928507
0.604942154259397
0.49263679318540554
0.5733259456888377
0.6346341938471327
0.5934003707447443
0.7066250773925308
0.5027615836557126
0.7193238561315759
0.4059115790415445
0.6769187543568282
0.6884766953209093
0.549594395895737
0.6373625341985517
0.6944157616298755
0.30525414002106505
0.7219172251719722
0.3183975232064471
0.3799165434671146
0.3854183311675769
0.5803287775046142
1.0794444172814088
0.7914312098976133
0.20780684283487874
0.6278505575564937
0.12971307320775338
0.3594704438476132
0.5024585157005501
0.0
0.3387202548369967
0.20731222913685046
0.9690027091219148
0.749825319657852
0.21858091592417206
0.4845660326518977
0.6631304622772205
0.5382516511818612
0.4271112267313984
0.39370674365573166
0.5967838804793575
0.8782254835760944
0.6252731882945246
0.6430679279827288
0.1266505132243845
0.27121692425068167
0.8207234613437099
0.5585606860494211
0.5070175637983363
0.43739644488724416
0.5673151152578256
0.5375428913119399
0.8865582333027199
0.7649303896674782
0.623059717071197
0.5579906549726796
0.5375634018763181
0.9416283826631608
0.6193888124892474
0.8939468334508714
0.6533266725282537
0.9116785678279599
0.6594511134548489
0.47429844089648865
0.541525817516432
0.6479782874733073
0.2593904412981327
0.9567385489447155
0.32119352954883756
0.13694426251888026
0.35262280277491986
0.3670792844016671
0.9787384936932029
0.6203448689211831
0.2967396867745196
0.5015411220245455
0.44242769061332493
0.5865253711791502
0.7175961615259936
0.3387202548369967
0.0
0.30430460098764534
0.8442482219312575
0.6259032840917517
0.3346199374366237
0.2208077241331018
0.8591329006834972
0.35536602403274287
0.40527103404615533
0.6445803371472325
0.4980319377678905
0.7524040210805606
0.6547856527420557
0.6182639331522096
0.41773304384120724
0.23710472588466053
0.6821804827440021
0.57310404904942
0.43207399949180003
0.7326099787996612
0.8517987150946167
0.49452596598848075
0.6903857547412824
0.5841065744790842
0.48602267472792876
0.5538802400787466
0.6188912346686531
0.7496757701497963
0.49810228904281295
0.7664014942245938
0.4363510631930327
0.7141197100974668
0.6636575324289554
0.494454002258744
0.5355507075428899
0.6360317683494199
0.30806500994058056
0.8168541365199113
0.2892096220406403
0.30850332307722395
0.45806703696041046
0.5549369787189262
1.0020750337922255
0.7410375172079279
0.31760291772729354
0.6233842007385895
0.23551098429009634
0.40563993929307546
0.5571775662656296
0.20731222913685046
0.30430460098764534
0.0
0.9452514004238449
0.6999802642572789
0.3501266828884082
0.38695762087041263
0.710942508470052
0.4245584062878628
0.27557060864629596
0.40699503725437486
0.4873058180954646
0.7539150882516126
0.5392409854134699
0.5383344688478438
0.2618233633190323
0.28117371916608774
0.7570604733769224
0.6055480165516934
0.37664738197641834
0.545893112568468
0.638356327100852
0.568700765209341
1.1770166355177865
0.9977695927846317
0.8091759328388419
0.6316894888199502
0.4717788150029737
1.153899584143096
0.8865812767510997
1.0348870277888356
1.0316470134137985
1.0850111751892744
0.7309203857367845
0.5263936267524617
0.5057294239863941
0.739643157397951
0.8985542500514981
0.9673768295166109
0.7480339678891662
0.7748754288823526
0.9186389607923289
0.7517720002005994
0.9567708614321456
0.8589908253326167
0.8111448121402306
0.626347789739223
1.023750563071303
0.8732778769015106
1.0476579643593658
0.9690027091219148
0.8442482219312575
0.9452514004238449
0.0
0.7290295332053497
0.9904129261592661
0.8159148793137738
1.0941500629646785
0.6386430069182705
0.8261333126594097
1.0848236033040626
0.6220315508763281
0.7791336536403808
0.8124304341207373
0.7917406205858141
1.0616953740577424
0.959163057193932
0.7275089348493323
0.5993028368743218
0.6764127144618218
1.0373695582026734
1.0798995741667878
0.6524659456903555
1.098695963403889
0.9869098337740891
0.8114677134673935
0.40186596024047616
0.4644457018855918
1.0181177780591004
0.7748598712025291
1.0295692400222531
0.8775723445961593
1.0427381310760628
0.445599697037599
0.523795771269681
0.4903313267577343
0.6830962304097425
0.6501192505994574
1.0604268433041482
0.5795021939423526
0.5434820420216292
0.6758661997762575
0.3713457149342106
1.0174182325867764
0.33519989558470925
0.6072978626086214
0.5202731327139621
0.8070658531749438
0.7581658195935767
0.9261040816236585
0.749825319657852
0.6259032840917517
0.6999802642572789
0.7290295332053497
0.0
0.7242948479771549
0.532974305196789
1.0211599385013104
0.5045408308551449
0.5925105990613163
0.8134378956011332
0.5808566174194798
0.44639042328713197
0.7582189459516294
0.6753305635020527
0.8167334709071252
0.6902493824698434
0.32630539376479817
0.726331639129124
0.6278613063408193
0.9824378148259563
1.0062844776702065
0.6707013418802739
0.6667713302221759
0.6131231579432064
0.6660579680525187
0.7059732125273946
0.5889877900315507
0.7645503363456523
0.5026957397932172
0.7152250322844204
0.48162812086323403
0.7462700696170589
0.7685711267060779
0.6440521848470432
0.708504352002336
0.657877318963232
0.3880828607478691
0.7959024166355132
0.3310674277398034
0.3941922586838178
0.4051078212109092
0.4854813145799229
1.0973307577053737
0.6931384261503974
0.23337001581233602
0.6496488633948727
0.33569468092635896
0.4655654806858536
0.5112985984786679
0.21858091592417206
0.3346199374366237
0.3501266828884082
0.9904129261592661
0.7242948479771549
0.0
0.4543809599952995
0.6617395611615268
0.5561643793036821
0.5683791136259758
0.46951040116939896
0.641829429682256
0.8759880230629096
0.6624456632858653
0.6577124727464502
0.29632329651286277
0.3490436316655125
0.7556384167088449
0.6573060602232798
0.6179885490899083
0.5845032821176027
0.7208262320464273
0.6273953592482574
0.9497348314134846
0.8583639379657092
0.5849034792168706
0.5026455610069585
0.5419186654840374
0.9544950707049251
0.5941363900654462
0.8953165082807308
0.693174617250228
0.9343729662185224
0.6775262651735355
0.49230502739663345
0.47409581310110727
0.5338847160202285
0.43031896309598067
1.031963332681932
0.3259761076888919
0.20708331656606235
0.5301823931440952
0.27529658552186953
0.9015978538128848
0.4657196581635781
0.42814007512612035
0.5070524259127452
0.5803966930996419
0.6413813530186233
0.7433287294326784
0.4845660326518977
0.2208077241331018
0.38695762087041263
0.8159148793137738
0.532974305196789
0.4543809599952995
0.0
0.864723105970923
0.2503738804268528
0.4231097257213547
0.6733228349016539
0.39354293285485387
0.5708038542288102
0.5725853648147148
0.500286118136412
0.5755553774399124
0.41979521197841213
0.5359716783562355
0.6817285970237715
0.4061916419622639
0.8521559070968177
0.9463785077863929
0.6254019827279093
0.2897965493238317
0.4682862799613075
0.5509142310741302
0.9117458911341471
0.7931349254698093
0.35636836279333217
0.29229341422618477
0.12149897118905989
0.3159367025212487
0.2518424308967812
1.0639409617079325
0.8875012169005742
0.8496724133452845
0.5668734955878604
0.9274192687236986
0.5197233206235795
0.5776915031260196
0.8672977862303121
0.9865295028533106
0.9036733369973909
1.13114400497903
0.9820818550406071
0.694995894900826
0.9610684328516883
0.6776131576061669
0.4317712473057928
0.16963752532974535
0.6631304622772205
0.8591329006834972
0.710942508470052
1.0941500629646785
1.0211599385013104
0.6617395611615268
0.864723105970923
0.0
0.8208564368999004
0.8605351881242278
0.42779388728685686
0.7258833308459425
0.9560045031287586
0.4861860652054931
0.5798329500813143
0.7380045138750847
0.9144211338327652
0.9387556710880632
0.9128870959762768
0.8006253805619705
0.582220611108882
0.6330700198240319
1.0175160981527516
0.9151018577185821
0.8021617106294715
0.4883594987301876
0.4267296568086169
0.4587230537045201
0.920715504376895
0.5324332915962336
0.8252391713921488
0.65805310575971
0.8627170103805766
0.6331206835983169
0.3754278093055973
0.2805342046881272
0.4218240035844334
0.4827623949729307
0.9293402175737366
0.29345402158430206
0.26064899769613536
0.5884763461686459
0.36229232671973605
0.8263934232555339
0.5177889531459704
0.4652067539589252
0.5240560682064468
0.6108945255614916
0.5843244304322728
0.7130486378922549
0.5382516511818612
0.35536602403274287
0.4245584062878628
0.6386430069182705
0.5045408308551449
0.5561643793036821
0.2503738804268528
0.8208564368999004
0.0
0.3784775290555569
0.6664462769045979
0.2522233930467196
0.4706162343167359
0.4536610629093046
0.376496799455188
0.6332666045987266
0.5108961734051254
0.46119566346616925
0.6118650831678499
0.29152991270193873
0.8159510585813343
0.8903961365594529
0.5691146808860231
0.8444123459542737
0.6847424406300517
0.490131655782403
0.36351253073312334
0.5717097165520278
0.8361070505623069
0.6211879023290778
0.8961950736307359
0.5971859090768971
0.8133381830456505
0.4835156253938439
0.3315991556080925
0.3703336333632148
0.6784034566539295
0.36891799901875216
0.8835888636690709
0.39253252449192033
0.34697633925096394
0.5278595362404662
0.5725538315302763
0.9540682627569163
0.7260574081985528
0.43408257731565314
0.5340452439859379
0.42434830194193074
0.49535340919388043
0.7289470213945592
0.4271112267313984
0.40527103404615533
0.27557060864629596
0.8261333126594097
0.5925105990613163
0.5683791136259758
0.4231097257213547
0.8605351881242278
0.3784775290555569
0.0
0.5566695608707198
0.41604206518091413
0.6389366165766874
0.5710286857943303
0.5538674570689273
0.4674723013184845
0.39040519976045396
0.7094103185040376
0.5377840086875028
0.24065246726347927
0.6484905936094987
0.6863882574753155
0.4947415082646694
0.3884525839790489
0.4200945250773926
0.5057671796390114
0.7018224561810487
0.7131093885232475
0.4183037174111653
0.34954486121240574
0.5121507688171523
0.16802324243984817
0.4106044325138247
0.8039850496122425
0.7042634450260783
0.7009921540217123
0.6279150022096941
0.6371732025124722
0.6161573500332524
0.4268250025291396
0.6410353968385833
0.7247728540722259
0.7458157212073234
1.1083348997482665
0.842689954846977
0.48571667042525923
0.8115807554544403
0.3644029107471563
0.26638693661664414
0.2945775958894362
0.39370674365573166
0.6445803371472325
0.40699503725437486
1.0848236033040626
0.8134378956011332
0.46951040116939896
0.6733228349016539
0.42779388728685686
0.6664462769045979
0.5566695608707198
0.0
0.6309960380224269
0.8241547184858343
0.4960523762668616
0.5447613789541252
0.42894329753476734
0.6194839949506363
0.8291742880721761
0.7736675254914089
0.6147197816891855
0.4349225793172849
0.4682360942943207
0.8140182798930254
0.8346462783718621
0.7257633291920996
0.29997073190563117
0.3671293505019722
0.4507449389621585
0.7819462897156045
0.45859198641057825
0.7245435873706979
0.6060155196032525
0.7387909041129297
0.643786268881218
0.366241723455971
0.2312185113696566
0.353904294972525
0.6306514806135002
0.8511088532026911
0.32447431760310397
0.4481506220011303
0.7463565434830729
0.5040304455089989
0.7818895382341421
0.6027141611079003
0.5302628441905014
0.4935618731466198
0.6490889625937265
0.519060690093172
0.6541436845219865
0.5967838804793575
0.4980319377678905
0.4873058180954646
0.6220315508763281
0.5808566174194798
0.641829429682256
0.39354293285485387
0.7258833308459425
0.2522233930467196
0.41604206518091413
0.6309960380224269
0.0
0.4408457780249969
0.3103835691527501
0.2774400115340252
0.7028138818350133
0.647154247455736
0.5461153724260103
0.6038452119541894
0.22731346198586663
0.768034016173763
0.8160364207558386
0.6552448092125569
1.1034955414511038
1.0426046278443544
0.6623257808680445
0.4895007252318068
0.6506550545430849
0.9881735677513667
0.698379989692191
0.9572687240281409
0.8628990728946607
0.9871620940871185
0.723062763529187
0.6340993613011014
0.4493473044344039
0.501436187368308
0.8540253450586024
1.1215708983396748
0.6144270349719199
0.6665343051955127
0.9487149677339684
0.5602380654708004
0.88530948221651
0.4447192738329034
0.7957635838203987
0.7086623461444419
0.927166910460638
0.8025901818502795
0.8999027503027562
0.8782254835760944
0.7524040210805606
0.7539150882516126
0.7791336536403808
0.44639042328713197
0.8759880230629096
0.5708038542288102
0.9560045031287586
0.4706162343167359
0.6389366165766874
0.8241547184858343
0.4408457780249969
0.0
0.5569963734194908
0.4472940419930327
0.9650540654312921
0.8787614124450759
0.34087094332381124
0.9150289831488754
0.5810829630977532
1.0803926369623522
1.0883236834703474
0.912048660983867
0.6463197737962224
0.631340835048708
0.2331818174729754
0.5996241489466546
0.6145214072756131
0.6065452662415229
0.25447249360196084
0.4860848588466833
0.436518373038295
0.5246045748942721
0.845744358538678
0.600296726627757
0.46878391610634423
0.25296444414185965
0.7682898216168167
0.7343554997410995
0.3753423274612124
0.6174320853340876
0.8806360712575882
0.6728514323385215
0.8541679050397527
0.7325745832336801
0.6190239445522282
0.7387500813021952
0.6586443967430377
0.44638454274313755
0.45003333209885693
0.6252731882945246
0.6547856527420557
0.5392409854134699
0.8124304341207373
0.7582189459516294
0.6624456632858653
0.5725853648147148
0.4861860652054931
0.4536610629093046
0.5710286857943303
0.4960523762668616
0.3103835691527501
0.5569963734194908
0.0
0.13750214543780762
0.7257231651945526
0.7727367598348095
0.6490241597968446
0.7734942792290062
0.44212723281878935
0.7123966100424679
0.7495159771479191
0.8449342459623707
0.7486437670881926
0.7295364898344701
0.3292082015989274
0.5706323860420122
0.6010992929624857
0.7067812674371046
0.31778749188726735
0.5817046071675898
0.5136956783933461
0.639753827655607
0.824086961430649
0.5911960419353296
0.4324356137045145
0.19542622648969107
0.7444132252989599
0.8294404619983282
0.36453288299411346
0.5656609408470766
0.8555300170070015
0.5904879761688633
0.8321247562715581
0.6269673994714557
0.6209618699477448
0.723376722478682
0.6900177109038579
0.5176869324215166
0.5288996502173168
0.6430679279827288
0.6182639331522096
0.5383344688478438
0.7917406205858141
0.6753305635020527
0.6577124727464502
0.500286118136412
0.5798329500813143
0.376496799455188
0.5538674570689273
0.5447613789541252
0.2774400115340252
0.4472940419930327
0.13750214543780762
0.0
0.7444155509525577
0.7521373943635564
0.5366754699070939
0.8002209694828047
0.4375959894697391
0.7966074880391221
0.8378398414971683
0.8409214945522562
0.639617121800222
0.5269175101474612
0.667264110004427
0.7080127911980122
0.6905558286626795
0.7576954219869617
0.6022327311762455
0.8011425981059802
0.46143890440663976
0.7325635484379495
0.7234019024719246
0.6238175634750915
0.7237543454100983
0.8077407396559865
0.31397140395265294
0.764270130582113
0.43535863846258976
0.4545851212919314
0.38530954114841226
0.6710092715454832
1.1588949920074727
0.8776465418948564
0.30162940793132215
0.7130683573992047
0.10249548166138832
0.4289153208967942
0.5739565423444531
0.1266505132243845
0.41773304384120724
0.2618233633190323
1.0616953740577424
0.8167334709071252
0.29632329651286277
0.5755553774399124
0.7380045138750847
0.6332666045987266
0.4674723013184845
0.42894329753476734
0.7028138818350133
0.9650540654312921
0.7257231651945526
0.7444155509525577
0.0
0.27552036676078956
0.9086469900351841
0.6147493737288391
0.5891149824100554
0.4425615239715264
0.5651835033862895
0.5708771430877224
0.8721632014709174
0.7299485255824549
0.7203601182741866
0.6183468767609326
0.6293531758877522
0.9512821978782112
0.7076912109105213
0.9612119485316443
0.655069011631599
0.9279154164038876
0.6279871813978372
0.5262043519394342
0.6380216454008437
0.8079210171792786
0.09031085206108949
0.9392914031332342
0.43312894475433067
0.268079838854025
0.2168273276134722
0.5208764248840603
1.1004271761457003
0.7571862254425921
0.2984307355635474
0.5965056098847688
0.32871112144404235
0.582840818748996
0.7546766857403242
0.27121692425068167
0.23710472588466053
0.28117371916608774
0.959163057193932
0.6902493824698434
0.3490436316655125
0.41979521197841213
0.9144211338327652
0.5108961734051254
0.39040519976045396
0.6194839949506363
0.647154247455736
0.8787614124450759
0.7727367598348095
0.7521373943635564
0.27552036676078956
0.0
0.8074658011333978
0.5701216186043114
0.520744092621318
0.6570351969263138
0.7691883124437084
0.4491738416248212
1.0900333985708877
1.033844674020232
0.7844674881727095
0.576425849524464
0.5452934989526282
1.0308772962870023
0.6849824888272692
0.9308281312895523
0.861125083829289
1.016107277800922
0.7227156840694686
0.6550259536842796
0.5288232218804314
0.49329124257379636
0.7741341550403263
1.0758543953528283
0.5671147880138553
0.5928461689173675
0.8104115559393265
0.3830105612120897
0.954529858097692
0.2612821463475834
0.6981193908845391
0.6934272295086198
0.8960359821798451
0.7964132093329442
0.8675484770316874
0.8207234613437099
0.6821804827440021
0.7570604733769224
0.7275089348493323
0.32630539376479817
0.7556384167088449
0.5359716783562355
0.9387556710880632
0.46119566346616925
0.7094103185040376
0.8291742880721761
0.5461153724260103
0.34087094332381124
0.6490241597968446
0.5366754699070939
0.9086469900351841
0.8074658011333978
0.0
0.8734377138640168
0.6794519924174187
1.0641138331964302
1.1044867767429358
0.8324929789493724
0.8590545093298795
0.6091455080684746
0.6607512996581998
0.49666427292488036
0.38363633821628523
0.8815269933473393
0.7465955062816813
0.9046013762978697
0.7416480634370997
0.8486890125363944
0.47114222905615244
0.308283700509774
0.5122216707637427
0.8167678311490971
0.5243576355885362
0.7049665240279145
0.5430188051844982
0.5614525981772637
0.5424585237601119
0.6898521073389572
1.0498243138735166
0.902216714542576
0.43398217005886314
0.40539161637113313
0.5777116247410987
0.5443725195121444
0.8138394190502203
0.5585606860494211
0.57310404904942
0.6055480165516934
0.5993028368743218
0.726331639129124
0.6573060602232798
0.6817285970237715
0.9128870959762768
0.6118650831678499
0.5377840086875028
0.7736675254914089
0.6038452119541894
0.9150289831488754
0.7734942792290062
0.8002209694828047
0.6147493737288391
0.5701216186043114
0.8734377138640168
0.0
0.4980269571017216
0.5784043654745356
0.6462344466213481
0.24197983387051078
0.8332986499449042
0.6732938734312083
0.3363404376520908
0.33599965773792095
0.49468152381102737
0.812612582969277
0.5498636558275151
0.8138531808624944
0.6012711534740379
0.7671801678875699
0.5589532806952653
0.262562773446656
0.2404579173161076
0.5461239419765445
0.5000694951704213
0.8440909488911725
0.3478555343587335
0.38368196465301835
0.640596175449089
0.5659103285857221
0.8433092908298829
0.7192618229824241
0.4739979893723179
0.4735370446163637
0.5329647186831413
0.4905458286439708
0.6983025776839149
0.5070175637983363
0.43207399949180003
0.37664738197641834
0.6764127144618218
0.6278613063408193
0.6179885490899083
0.4061916419622639
0.8006253805619705
0.29152991270193873
0.24065246726347927
0.6147197816891855
0.22731346198586663
0.5810829630977532
0.44212723281878935
0.4375959894697391
0.5891149824100554
0.520744092621318
0.6794519924174187
0.4980269571017216
0.0
0.6790368473065361
0.7279266790000213
0.5248651350585215
0.373374985771677
0.1446598769528026
0.611959908817563
0.7768759296052362
0.7112478119474253
0.504898851256368
0.57715533437715
0.6204343962096235
0.38344444186870147
0.4572594996279465
0.7947173145213334
0.6806723514290852
0.7795183448771427
0.8499009354036504
0.6579973708154159
0.40143897419159486
0.5770250538616152
0.7486293408623522
0.7068966119596273
0.9155474537128045
1.206879944319235
1.0904778814813256
0.5011005227786137
0.7997300623485402
0.36635560779248344
0.2941605853951205
0.4813316216497728
0.43739644488724416
0.7326099787996612
0.545893112568468
1.0373695582026734
0.9824378148259563
0.5845032821176027
0.8521559070968177
0.582220611108882
0.8159510585813343
0.6484905936094987
0.4349225793172849
0.768034016173763
1.0803926369623522
0.7123966100424679
0.7966074880391221
0.4425615239715264
0.6570351969263138
1.0641138331964302
0.5784043654745356
0.6790368473065361
0.0
0.18540919610418463
0.6771815783082111
0.4158194920876125
0.22488274722619345
0.647258433703262
0.783962881774386
0.7707539425783043
0.4647457799700822
0.6435169383940099
0.6689158766242584
0.4477421691107506
0.447302403302285
0.7884758715395165
0.7222102463964355
0.8063035656624619
0.9098314624148804
0.7627309682974724
0.40529648407061225
0.6720826011614942
0.8508874308626257
0.8212640318435965
1.0027832916438126
1.2475086733165424
1.1459267864920515
0.6187530395311202
0.8575994185072655
0.4802819186280075
0.35225422637634884
0.55738227456567
0.5673151152578256
0.8517987150946167
0.638356327100852
1.0798995741667878
1.0062844776702065
0.7208262320464273
0.9463785077863929
0.6330700198240319
0.8903961365594529
0.6863882574753155
0.4682360942943207
0.8160364207558386
1.0883236834703474
0.7495159771479191
0.8378398414971683
0.5651835033862895
0.7691883124437084
1.1044867767429358
0.6462344466213481
0.7279266790000213
0.18540919610418463
0.0
0.7568105178973136
0.9664156093524152
0.7334078878768622
0.7649772022746822
0.5303670804263779
0.4526092796220599
1.0189010550588316
0.8171781507113366
1.0181586369520224
0.8052172439782944
0.9764647254253479
0.453316004570763
0.3368102730024724
0.5327177113631572
0.8651806805517563
0.38031435681551656
0.8416410874000865
0.5571157714371404
0.4596550663269143
0.3763865698985552
0.6268948954968449
1.0833155634440041
0.8591394066157133
0.42020524024457384
0.4725774884862799
0.5647674223616301
0.6335479145258076
0.8914199234928507
0.5375428913119399
0.49452596598848075
0.568700765209341
0.6524659456903555
0.6707013418802739
0.6273953592482574
0.6254019827279093
1.0175160981527516
0.5691146808860231
0.4947415082646694
0.8140182798930254
0.6552448092125569
0.912048660983867
0.8449342459623707
0.8409214945522562
0.5708771430877224
0.4491738416248212
0.8324929789493724
0.24197983387051078
0.5248651350585215
0.6771815783082111
0.7568105178973136
0.0
